100 100
50
449
4 2 0 #G01 200 100 46 46 201 54 0
4 3 0 #G01 200 150 46 46 201 54 0
4 4 0 #G01 200 200 46 46 201 54 0
4 5 0 #G01 200 250 46 46 201 54 0
4 6 0 #G01 200 300 46 46 201 54 0
4 7 0 #G01 200 350 46 46 201 54 0
4 8 0 #G01 200 400 46 46 201 54 0
4 9 0 #G01 200 450 46 46 201 54 0
4 10 0 #G01 200 500 46 46 201 54 0
4 11 0 #G01 200 550 46 46 201 54 0
4 12 0 #G01 200 600 46 46 201 54 0
4 13 0 #G01 200 650 46 46 201 54 0
4 14 0 #G01 200 700 46 46 201 54 0
4 15 0 #G01 200 750 46 46 201 54 0
4 16 0 #G01 200 800 46 46 201 54 0
4 17 0 #G01 200 850 46 46 201 54 0
5 2 0 #G01 250 100 46 46 201 54 0
5 3 0 #G01 250 150 46 46 201 54 0
5 4 0 #G01 250 200 46 46 201 54 0
5 5 0 #G01 250 250 46 46 201 54 0
5 6 0 #G01 250 300 46 46 201 54 0
5 7 0 #G01 250 350 46 46 201 54 0
5 8 0 #G01 250 400 46 46 201 54 0
5 9 0 #G01 250 450 46 46 201 54 0
5 10 0 #G01 250 500 46 46 201 54 0
5 11 0 #G01 250 550 46 46 201 54 0
5 12 0 #G01 250 600 46 46 201 54 0
5 13 0 #G01 250 650 46 46 201 54 0
5 14 0 #G01 250 700 46 46 201 54 0
5 15 0 #G01 250 750 46 46 201 54 0
5 16 0 #G01 250 800 46 46 201 54 0
5 17 0 #G01 250 850 46 46 201 54 0
6 2 0 #G01 300 100 46 46 201 54 0
6 3 0 #G01 300 150 46 46 201 54 0
6 4 0 #G01 300 200 46 46 201 54 0
6 5 0 #G01 300 250 46 46 201 54 0
6 6 0 #G01 300 300 46 46 201 54 0
6 7 0 #G01 300 350 46 46 201 54 0
6 8 0 #G01 300 400 46 46 201 54 0
6 9 0 #G01 300 450 46 46 201 54 0
6 10 0 #G01 300 500 46 46 201 54 0
6 11 0 #G01 300 550 46 46 201 54 0
6 12 0 #G01 300 600 46 46 201 54 0
6 13 0 #G01 300 650 46 46 201 54 0
6 14 0 #G01 300 700 46 46 201 54 0
6 15 0 #G01 300 750 46 46 201 54 0
6 16 0 #G01 300 800 46 46 201 54 0
6 17 0 #G01 300 850 46 46 201 54 0
7 2 0 #G01 350 100 46 46 201 54 0
7 3 0 #G01 350 150 46 46 201 54 0
7 4 0 #G01 350 200 46 46 201 54 0
7 5 0 #G01 350 250 46 46 201 54 0
7 6 0 #G01 350 300 46 46 201 54 0
7 7 0 #G01 350 350 46 46 201 54 0
7 8 0 #G01 350 400 46 46 201 54 0
7 9 0 #G01 350 450 46 46 201 54 0
7 10 0 #G01 350 500 46 46 201 54 0
7 11 0 #G01 350 550 46 46 201 54 0
7 12 0 #G01 350 600 46 46 201 54 0
7 13 0 #G01 350 650 46 46 201 54 0
7 14 0 #G01 350 700 46 46 201 54 0
7 15 0 #G01 350 750 46 46 201 54 0
7 16 0 #G01 350 800 46 46 201 54 0
7 17 0 #G01 350 850 46 46 201 54 0
8 2 0 #G01 400 100 46 46 201 54 0
8 3 0 #G01 400 150 46 46 201 54 0
8 4 0 #G01 400 200 46 46 201 54 0
8 5 0 #G01 400 250 46 46 201 54 0
8 6 0 #G01 400 300 46 46 201 54 0
8 7 0 #G01 400 350 46 46 201 54 0
8 8 0 #G01 400 400 46 46 201 54 0
8 9 0 #G01 400 450 46 46 201 54 0
8 10 0 #G01 400 500 46 46 201 54 0
8 11 0 #G01 400 550 46 46 201 54 0
8 12 0 #G01 400 600 46 46 201 54 0
8 13 0 #G01 400 650 46 46 201 54 0
8 14 0 #G01 400 700 46 46 201 54 0
8 15 0 #G01 400 750 46 46 201 54 0
8 16 0 #G01 400 800 46 46 201 54 0
8 17 0 #G01 400 850 46 46 201 54 0
9 2 0 #G01 450 100 46 46 201 54 0
9 3 0 #G01 450 150 46 46 201 54 0
9 4 0 #G01 450 200 46 46 201 54 0
9 5 0 #G01 450 250 46 46 201 54 0
9 6 0 #G01 450 300 46 46 201 54 0
9 7 0 #G01 450 350 46 46 201 54 0
9 8 0 #G01 450 400 46 46 201 54 0
9 9 0 #G01 450 450 46 46 201 54 0
9 10 0 #G01 450 500 46 46 201 54 0
9 11 0 #G01 450 550 46 46 201 54 0
9 12 0 #G01 450 600 46 46 201 54 0
9 13 0 #G01 450 650 46 46 201 54 0
9 14 0 #G01 450 700 46 46 201 54 0
9 15 0 #G01 450 750 46 46 201 54 0
9 16 0 #G01 450 800 46 46 201 54 0
9 17 0 #G01 450 850 46 46 201 54 0
10 2 0 #G01 500 100 46 46 201 54 0
10 3 0 #G01 500 150 46 46 201 54 0
10 4 0 #G01 500 200 46 46 201 54 0
10 5 0 #G01 500 250 46 46 201 54 0
10 6 0 #G01 500 300 46 46 201 54 0
10 7 0 #G01 500 350 46 46 201 54 0
10 8 0 #G01 500 400 46 46 201 54 0
10 9 0 #G01 500 450 46 46 201 54 0
10 10 0 #G01 500 500 46 46 201 54 0
10 11 0 #G01 500 550 46 46 201 54 0
10 12 0 #G01 500 600 46 46 201 54 0
10 13 0 #G01 500 650 46 46 201 54 0
10 14 0 #G01 500 700 46 46 201 54 0
10 15 0 #G01 500 750 46 46 201 54 0
10 16 0 #G01 500 800 46 46 201 54 0
10 17 0 #G01 500 850 46 46 201 54 0
11 2 0 #G01 550 100 46 46 201 54 0
11 3 0 #G01 550 150 46 46 201 54 0
11 4 0 #G01 550 200 46 46 201 54 0
11 5 0 #G01 550 250 46 46 201 54 0
11 6 0 #G01 550 300 46 46 201 54 0
11 7 0 #G01 550 350 46 46 201 54 0
11 8 0 #G01 550 400 46 46 201 54 0
11 9 0 #G01 550 450 46 46 201 54 0
11 10 0 #G01 550 500 46 46 201 54 0
11 11 0 #G01 550 550 46 46 201 54 0
11 12 0 #G01 550 600 46 46 201 54 0
11 13 0 #G01 550 650 46 46 201 54 0
11 14 0 #G01 550 700 46 46 201 54 0
11 15 0 #G01 550 750 46 46 201 54 0
11 16 0 #G01 550 800 46 46 201 54 0
11 17 0 #G01 550 850 46 46 201 54 0
12 2 0 #G01 600 100 46 46 201 54 0
12 3 0 #G01 600 150 46 46 201 54 0
12 4 0 #G01 600 200 46 46 201 54 0
12 5 0 #G01 600 250 46 46 201 54 0
12 6 0 #G01 600 300 46 46 201 54 0
12 7 0 #G01 600 350 46 46 201 54 0
12 8 0 #G01 600 400 46 46 201 54 0
12 9 0 #G01 600 450 46 46 201 54 0
12 10 0 #G01 600 500 46 46 201 54 0
12 11 0 #G01 600 550 46 46 201 54 0
12 12 0 #G01 600 600 46 46 201 54 0
12 13 0 #G01 600 650 46 46 201 54 0
12 14 0 #G01 600 700 46 46 201 54 0
12 15 0 #G01 600 750 46 46 201 54 0
12 16 0 #G01 600 800 46 46 201 54 0
12 17 0 #G01 600 850 46 46 201 54 0
13 2 0 #G01 650 100 46 46 201 54 0
13 3 0 #G01 650 150 46 46 201 54 0
13 4 0 #G01 650 200 46 46 201 54 0
13 5 0 #G01 650 250 46 46 201 54 0
13 6 0 #G01 650 300 46 46 201 54 0
13 7 0 #G01 650 350 46 46 201 54 0
13 8 0 #G01 650 400 46 46 201 54 0
13 9 0 #G01 650 450 46 46 201 54 0
13 10 0 #G01 650 500 46 46 201 54 0
13 11 0 #G01 650 550 46 46 201 54 0
13 12 0 #G01 650 600 46 46 201 54 0
13 13 0 #G01 650 650 46 46 201 54 0
13 14 0 #G01 650 700 46 46 201 54 0
13 15 0 #G01 650 750 46 46 201 54 0
13 16 0 #G01 650 800 46 46 201 54 0
13 17 0 #G01 650 850 46 46 201 54 0
14 2 0 #G01 700 100 46 46 201 54 0
14 3 0 #G01 700 150 46 46 201 54 0
14 4 0 #G01 700 200 46 46 201 54 0
14 5 0 #G01 700 250 46 46 201 54 0
14 6 0 #G01 700 300 46 46 201 54 0
14 7 0 #G01 700 350 46 46 201 54 0
14 8 0 #G01 700 400 46 46 201 54 0
14 9 0 #G01 700 450 46 46 201 54 0
14 10 0 #G01 700 500 46 46 201 54 0
14 11 0 #G01 700 550 46 46 201 54 0
14 12 0 #G01 700 600 46 46 201 54 0
14 13 0 #G01 700 650 46 46 201 54 0
14 14 0 #G01 700 700 46 46 201 54 0
14 15 0 #G01 700 750 46 46 201 54 0
14 16 0 #G01 700 800 46 46 201 54 0
14 17 0 #G01 700 850 46 46 201 54 0
15 2 0 #G01 750 100 46 46 201 54 0
15 3 0 #G01 750 150 46 46 201 54 0
15 4 0 #G01 750 200 46 46 201 54 0
15 5 0 #G01 750 250 46 46 201 54 0
15 6 0 #G01 750 300 46 46 201 54 0
15 7 0 #G01 750 350 46 46 201 54 0
15 8 0 #G01 750 400 46 46 201 54 0
15 9 0 #G01 750 450 46 46 201 54 0
15 10 0 #G01 750 500 46 46 201 54 0
15 11 0 #G01 750 550 46 46 201 54 0
15 12 0 #G01 750 600 46 46 201 54 0
15 13 0 #G01 750 650 46 46 201 54 0
15 14 0 #G01 750 700 46 46 201 54 0
15 15 0 #G01 750 750 46 46 201 54 0
15 16 0 #G01 750 800 46 46 201 54 0
15 17 0 #G01 750 850 46 46 201 54 0
16 2 0 #G01 800 100 46 46 201 54 0
16 3 0 #G01 800 150 46 46 201 54 0
16 4 0 #G01 800 200 46 46 201 54 0
16 5 0 #G01 800 250 46 46 201 54 0
16 6 0 #G01 800 300 46 46 201 54 0
16 7 0 #G01 800 350 46 46 201 54 0
16 8 0 #G01 800 400 46 46 201 54 0
16 9 0 #G01 800 450 46 46 201 54 0
16 10 0 #G01 800 500 46 46 201 54 0
16 11 0 #G01 800 550 46 46 201 54 0
16 12 0 #G01 800 600 46 46 201 54 0
16 13 0 #G01 800 650 46 46 201 54 0
16 14 0 #G01 800 700 46 46 201 54 0
16 15 0 #G01 800 750 46 46 201 54 0
16 16 0 #G01 800 800 46 46 201 54 0
16 17 0 #G01 800 850 46 46 201 54 0
17 2 0 #G01 850 100 46 46 201 54 0
17 3 0 #G01 850 150 46 46 201 54 0
17 4 0 #G01 850 200 46 46 201 54 0
17 5 0 #G01 850 250 46 46 201 54 0
17 6 0 #G01 850 300 46 46 201 54 0
17 7 0 #G01 850 350 46 46 201 54 0
17 8 0 #G01 850 400 46 46 201 54 0
17 9 0 #G01 850 450 46 46 201 54 0
17 10 0 #G01 850 500 46 46 201 54 0
17 11 0 #G01 850 550 46 46 201 54 0
17 12 0 #G01 850 600 46 46 201 54 0
17 13 0 #G01 850 650 46 46 201 54 0
17 14 0 #G01 850 700 46 46 201 54 0
17 15 0 #G01 850 750 46 46 201 54 0
17 16 0 #G01 850 800 46 46 201 54 0
17 17 0 #G01 850 850 46 46 201 54 0
18 2 0 #G01 900 100 46 46 201 54 0
18 3 0 #G01 900 150 46 46 201 54 0
18 4 0 #G01 900 200 46 46 201 54 0
18 5 0 #G01 900 250 46 46 201 54 0
18 6 0 #G01 900 300 46 46 201 54 0
18 7 0 #G01 900 350 46 46 201 54 0
18 8 0 #G01 900 400 46 46 201 54 0
18 9 0 #G01 900 450 46 46 201 54 0
18 10 0 #G01 900 500 46 46 201 54 0
18 11 0 #G01 900 550 46 46 201 54 0
18 12 0 #G01 900 600 46 46 201 54 0
18 13 0 #G01 900 650 46 46 201 54 0
18 14 0 #G01 900 700 46 46 201 54 0
18 15 0 #G01 900 750 46 46 201 54 0
18 16 0 #G01 900 800 46 46 201 54 0
18 17 0 #G01 900 850 46 46 201 54 0
19 2 0 #G01 950 100 46 46 201 54 0
19 3 0 #G01 950 150 46 46 201 54 0
19 4 0 #G01 950 200 46 46 201 54 0
19 5 0 #G01 950 250 46 46 201 54 0
19 6 0 #G01 950 300 46 46 201 54 0
19 7 0 #G01 950 350 46 46 201 54 0
19 8 0 #G01 950 400 46 46 201 54 0
19 9 0 #G01 950 450 46 46 201 54 0
19 10 0 #G01 950 500 46 46 201 54 0
19 11 0 #G01 950 550 46 46 201 54 0
19 12 0 #G01 950 600 46 46 201 54 0
19 13 0 #G01 950 650 46 46 201 54 0
19 14 0 #G01 950 700 46 46 201 54 0
19 15 0 #G01 950 750 46 46 201 54 0
19 16 0 #G01 950 800 46 46 201 54 0
19 17 0 #G01 950 850 46 46 201 54 0
20 2 0 #G01 1000 100 46 46 201 54 0
20 3 0 #G01 1000 150 46 46 201 54 0
20 4 0 #G01 1000 200 46 46 201 54 0
20 5 0 #G01 1000 250 46 46 201 54 0
20 6 0 #G01 1000 300 46 46 201 54 0
20 7 0 #G01 1000 350 46 46 201 54 0
20 8 0 #G01 1000 400 46 46 201 54 0
20 9 0 #G01 1000 450 46 46 201 54 0
20 10 0 #G01 1000 500 46 46 201 54 0
20 11 0 #G01 1000 550 46 46 201 54 0
20 12 0 #G01 1000 600 46 46 201 54 0
20 13 0 #G01 1000 650 46 46 201 54 0
20 14 0 #G01 1000 700 46 46 201 54 0
20 15 0 #G01 1000 750 46 46 201 54 0
20 16 0 #G01 1000 800 46 46 201 54 0
20 17 0 #G01 1000 850 46 46 201 54 0
21 2 0 #G01 1050 100 46 46 201 54 0
21 3 0 #G01 1050 150 46 46 201 54 0
21 4 0 #G01 1050 200 46 46 201 54 0
21 5 0 #G01 1050 250 46 46 201 54 0
21 6 0 #G01 1050 300 46 46 201 54 0
21 7 0 #G01 1050 350 46 46 201 54 0
21 8 0 #G01 1050 400 46 46 201 54 0
21 9 0 #G01 1050 450 46 46 201 54 0
21 10 0 #G01 1050 500 46 46 201 54 0
21 11 0 #G01 1050 550 46 46 201 54 0
21 12 0 #G01 1050 600 46 46 201 54 0
21 13 0 #G01 1050 650 46 46 201 54 0
21 14 0 #G01 1050 700 46 46 201 54 0
21 15 0 #G01 1050 750 46 46 201 54 0
21 16 0 #G01 1050 800 46 46 201 54 0
21 17 0 #G01 1050 850 46 46 201 54 0
22 2 0 #G01 1100 100 46 46 201 54 0
22 3 0 #G01 1100 150 46 46 201 54 0
22 4 0 #G01 1100 200 46 46 201 54 0
22 5 0 #G01 1100 250 46 46 201 54 0
22 6 0 #G01 1100 300 46 46 201 54 0
22 7 0 #G01 1100 350 46 46 201 54 0
22 8 0 #G01 1100 400 46 46 201 54 0
22 9 0 #G01 1100 450 46 46 201 54 0
22 10 0 #G01 1100 500 46 46 201 54 0
22 11 0 #G01 1100 550 46 46 201 54 0
22 12 0 #G01 1100 600 46 46 201 54 0
22 13 0 #G01 1100 650 46 46 201 54 0
22 14 0 #G01 1100 700 46 46 201 54 0
22 15 0 #G01 1100 750 46 46 201 54 0
22 16 0 #G01 1100 800 46 46 201 54 0
22 17 0 #G01 1100 850 46 46 201 54 0
23 2 0 #G01 1150 100 46 46 201 54 0
23 3 0 #G01 1150 150 46 46 201 54 0
23 4 0 #G01 1150 200 46 46 201 54 0
23 5 0 #G01 1150 250 46 46 201 54 0
23 6 0 #G01 1150 300 46 46 201 54 0
23 7 0 #G01 1150 350 46 46 201 54 0
23 8 0 #G01 1150 400 46 46 201 54 0
23 9 0 #G01 1150 450 46 46 201 54 0
23 10 0 #G01 1150 500 46 46 201 54 0
23 11 0 #G01 1150 550 46 46 201 54 0
23 12 0 #G01 1150 600 46 46 201 54 0
23 13 0 #G01 1150 650 46 46 201 54 0
23 14 0 #G01 1150 700 46 46 201 54 0
23 15 0 #G01 1150 750 46 46 201 54 0
23 16 0 #G01 1150 800 46 46 201 54 0
23 17 0 #G01 1150 850 46 46 201 54 0
24 2 0 #G01 1200 100 46 46 201 54 0
24 3 0 #G01 1200 150 46 46 201 54 0
24 4 0 #G01 1200 200 46 46 201 54 0
24 5 0 #G01 1200 250 46 46 201 54 0
24 6 0 #G01 1200 300 46 46 201 54 0
24 7 0 #G01 1200 350 46 46 201 54 0
24 8 0 #G01 1200 400 46 46 201 54 0
24 9 0 #G01 1200 450 46 46 201 54 0
24 10 0 #G01 1200 500 46 46 201 54 0
24 11 0 #G01 1200 550 46 46 201 54 0
24 12 0 #G01 1200 600 46 46 201 54 0
24 13 0 #G01 1200 650 46 46 201 54 0
24 14 0 #G01 1200 700 46 46 201 54 0
24 15 0 #G01 1200 750 46 46 201 54 0
24 16 0 #G01 1200 800 46 46 201 54 0
24 17 0 #G01 1200 850 46 46 201 54 0
25 2 0 #G01 1250 100 46 46 201 54 0
25 3 0 #G01 1250 150 46 46 201 54 0
25 4 0 #G01 1250 200 46 46 201 54 0
25 5 0 #G01 1250 250 46 46 201 54 0
25 6 0 #G01 1250 300 46 46 201 54 0
25 7 0 #G01 1250 350 46 46 201 54 0
25 8 0 #G01 1250 400 46 46 201 54 0
25 9 0 #G01 1250 450 46 46 201 54 0
25 10 0 #G01 1250 500 46 46 201 54 0
25 11 0 #G01 1250 550 46 46 201 54 0
25 12 0 #G01 1250 600 46 46 201 54 0
25 13 0 #G01 1250 650 46 46 201 54 0
25 14 0 #G01 1250 700 46 46 201 54 0
25 15 0 #G01 1250 750 46 46 201 54 0
25 16 0 #G01 1250 800 46 46 201 54 0
25 17 0 #G01 1250 850 46 46 201 54 0
26 2 0 #G01 1300 100 46 46 201 54 0
26 3 0 #G01 1300 150 46 46 201 54 0
26 4 0 #G01 1300 200 46 46 201 54 0
26 5 0 #G01 1300 250 46 46 201 54 0
26 6 0 #G01 1300 300 46 46 201 54 0
26 7 0 #G01 1300 350 46 46 201 54 0
26 8 0 #G01 1300 400 46 46 201 54 0
26 9 0 #G01 1300 450 46 46 201 54 0
26 10 0 #G01 1300 500 46 46 201 54 0
26 11 0 #G01 1300 550 46 46 201 54 0
26 12 0 #G01 1300 600 46 46 201 54 0
26 13 0 #G01 1300 650 46 46 201 54 0
26 14 0 #G01 1300 700 46 46 201 54 0
26 15 0 #G01 1300 750 46 46 201 54 0
26 16 0 #G01 1300 800 46 46 201 54 0
26 17 0 #G01 1300 850 46 46 201 54 0
27 2 0 #G01 1350 100 46 46 201 54 0
27 3 0 #G01 1350 150 46 46 201 54 0
27 4 0 #G01 1350 200 46 46 201 54 0
27 5 0 #G01 1350 250 46 46 201 54 0
27 6 0 #G01 1350 300 46 46 201 54 0
27 7 0 #G01 1350 350 46 46 201 54 0
27 8 0 #G01 1350 400 46 46 201 54 0
27 9 0 #G01 1350 450 46 46 201 54 0
27 10 0 #G01 1350 500 46 46 201 54 0
27 11 0 #G01 1350 550 46 46 201 54 0
27 12 0 #G01 1350 600 46 46 201 54 0
27 13 0 #G01 1350 650 46 46 201 54 0
27 14 0 #G01 1350 700 46 46 201 54 0
27 15 0 #G01 1350 750 46 46 201 54 0
27 16 0 #G01 1350 800 46 46 201 54 0
27 17 0 #G01 1350 850 46 46 201 54 0
28 2 0 #G01 1400 100 46 46 201 54 0
28 3 0 #G01 1400 150 46 46 201 54 0
28 4 0 #G01 1400 200 46 46 201 54 0
28 5 0 #G01 1400 250 46 46 201 54 0
28 6 0 #G01 1400 300 46 46 201 54 0
28 7 0 #G01 1400 350 46 46 201 54 0
28 8 0 #G01 1400 400 46 46 201 54 0
28 9 0 #G01 1400 450 46 46 201 54 0
28 10 0 #G01 1400 500 46 46 201 54 0
28 11 0 #G01 1400 550 46 46 201 54 0
28 12 0 #G01 1400 600 46 46 201 54 0
28 13 0 #G01 1400 650 46 46 201 54 0
28 14 0 #G01 1400 700 46 46 201 54 0
28 15 0 #G01 1400 750 46 46 201 54 0
28 16 0 #G01 1400 800 46 46 201 54 0
28 17 0 #G01 1400 850 46 46 201 54 0
29 2 0 #G01 1450 100 46 46 201 54 0
29 3 0 #G01 1450 150 46 46 201 54 0
29 4 0 #G01 1450 200 46 46 201 54 0
29 5 0 #G01 1450 250 46 46 201 54 0
29 6 0 #G01 1450 300 46 46 201 54 0
29 7 0 #G01 1450 350 46 46 201 54 0
29 8 0 #G01 1450 400 46 46 201 54 0
29 9 0 #G01 1450 450 46 46 201 54 0
29 10 0 #G01 1450 500 46 46 201 54 0
29 11 0 #G01 1450 550 46 46 201 54 0
29 12 0 #G01 1450 600 46 46 201 54 0
29 13 0 #G01 1450 650 46 46 201 54 0
29 14 0 #G01 1450 700 46 46 201 54 0
29 15 0 #G01 1450 750 46 46 201 54 0
29 16 0 #G01 1450 800 46 46 201 54 0
29 17 0 #G01 1450 850 46 46 201 54 0
30 2 0 #G01 1500 100 46 46 201 54 0
30 3 0 #G01 1500 150 46 46 201 54 0
30 4 0 #G01 1500 200 46 46 201 54 0
30 5 0 #G01 1500 250 46 46 201 54 0
30 6 0 #G01 1500 300 46 46 201 54 0
30 7 0 #G01 1500 350 46 46 201 54 0
30 8 0 #G01 1500 400 46 46 201 54 0
30 9 0 #G01 1500 450 46 46 201 54 0
30 10 0 #G01 1500 500 46 46 201 54 0
30 11 0 #G01 1500 550 46 46 201 54 0
30 12 0 #G01 1500 600 46 46 201 54 0
30 13 0 #G01 1500 650 46 46 201 54 0
30 14 0 #G01 1500 700 46 46 201 54 0
30 15 0 #G01 1500 750 46 46 201 54 0
30 16 0 #G01 1500 800 46 46 201 54 0
30 17 0 #G01 1500 850 46 46 201 54 0
31 2 0 #G01 1550 100 46 46 201 54 0
31 3 0 #G01 1550 150 46 46 201 54 0
31 4 0 #G01 1550 200 46 46 201 54 0
31 5 0 #G01 1550 250 46 46 201 54 0
31 6 0 #G01 1550 300 46 46 201 54 0
31 7 0 #G01 1550 350 46 46 201 54 0
31 8 0 #G01 1550 400 46 46 201 54 0
31 9 0 #G01 1550 450 46 46 201 54 0
31 10 0 #G01 1550 500 46 46 201 54 0
31 11 0 #G01 1550 550 46 46 201 54 0
31 12 0 #G01 1550 600 46 46 201 54 0
31 13 0 #G01 1550 650 46 46 201 54 0
31 14 0 #G01 1550 700 46 46 201 54 0
31 15 0 #G01 1550 750 46 46 201 54 0
31 16 0 #G01 1550 800 46 46 201 54 0
31 17 0 #G01 1550 850 46 46 201 54 0
31 17 1 #G01 1550 850 46 46 201 54 0
